305 532
1 3.92523114670956e-16 7.07106781186537e+00 7.07106781186559e+00
2 0.00000000000000e+00 3.00000000000000e+01 3.00000000000000e+01
3 0.00000000000000e+00 3.00000000000000e+01 0.00000000000000e+00
4 4.18034370264274e-16 1.00000000000000e+01 4.18034370264274e-16
5 3.00000000000000e+01 3.00000000000000e+01 3.00000000000000e+01
6 5.67832592574425e+00 5.95929772389680e+00 5.67832592574425e+00
7 3.00000000000000e+01 3.00000000000000e+01 0.00000000000000e+00
8 7.07106781186537e+00 7.07106781186559e+00 0.00000000000000e+00
9 1.11022302462516e-15 2.27373675443232e-15 1.00000000000000e+01
10 0.00000000000000e+00 0.00000000000000e+00 3.00000000000000e+01
11 7.07106781186547e+00 -3.89639375583686e-08 7.07106781186547e+00
12 3.00000000000000e+01 0.00000000000000e+00 3.00000000000000e+01
13 1.00000000000000e+01 2.82884826674490e-15 -1.37077142048304e-16
14 3.00000000000000e+01 0.00000000000000e+00 0.00000000000000e+00
15 2.94392336003217e-16 1.28033008588990e+01 1.28033008588992e+01
16 1.96261557335478e-16 1.85355339059327e+01 1.85355339059328e+01
17 9.81307786677390e-17 2.42677669529663e+01 2.42677669529664e+01
18 0.00000000000000e+00 3.00000000000000e+01 7.50000000000000e+00
19 0.00000000000000e+00 3.00000000000000e+01 1.50000000000000e+01
20 0.00000000000000e+00 3.00000000000000e+01 2.25000000000000e+01
21 0.00000000000000e+00 1.50000000000000e+01 0.00000000000000e+00
22 0.00000000000000e+00 2.00000000000000e+01 0.00000000000000e+00
23 0.00000000000000e+00 2.50000000000000e+01 0.00000000000000e+00
24 6.16806864494737e-16 8.31469612302539e+00 5.55570233019612e+00
25 4.24863957754314e-16 9.23879532511284e+00 3.82683432365097e+00
26 2.16593767383846e-16 9.80785280403230e+00 1.95090322016132e+00
27 7.50000000000000e+00 3.00000000000000e+01 3.00000000000000e+01
28 1.50000000000000e+01 3.00000000000000e+01 3.00000000000000e+01
29 2.25000000000000e+01 3.00000000000000e+01 3.00000000000000e+01
30 1.50290960143480e+00 7.05173588209910e+00 6.92923399655651e+00
31 2.97200993902321e+00 6.86582766613786e+00 6.63532722496631e+00
32 4.37456592489527e+00 6.50355296465141e+00 6.21023121953719e+00
33 1.17587444443082e+01 1.19694732929226e+01 1.17587444443082e+01
34 1.78391629628721e+01 1.79796488619484e+01 1.78391629628721e+01
35 2.39195814814361e+01 2.39898244309742e+01 2.39195814814361e+01
36 7.50000000000000e+00 3.00000000000000e+01 0.00000000000000e+00
37 1.50000000000000e+01 3.00000000000000e+01 0.00000000000000e+00
38 2.25000000000000e+01 3.00000000000000e+01 0.00000000000000e+00
39 3.00000000000000e+01 3.00000000000000e+01 7.50000000000000e+00
40 3.00000000000000e+01 3.00000000000000e+01 1.50000000000000e+01
41 3.00000000000000e+01 3.00000000000000e+01 2.25000000000000e+01
42 1.28033008588990e+01 1.28033008588992e+01 0.00000000000000e+00
43 1.85355339059327e+01 1.85355339059328e+01 0.00000000000000e+00
44 2.42677669529663e+01 2.42677669529664e+01 0.00000000000000e+00
45 5.55570233019593e+00 8.31469612302552e+00 0.00000000000000e+00
46 3.82683432365083e+00 9.23879532511290e+00 0.00000000000000e+00
47 1.95090322016125e+00 9.80785280403231e+00 0.00000000000000e+00
48 6.92923399656019e+00 7.05173588209541e+00 1.50290960143510e+00
49 6.63532722496762e+00 6.86582766613653e+00 2.97200993902336e+00
50 6.21023121953529e+00 6.50355296465322e+00 4.37456592489528e+00
51 1.08889040051711e-15 1.95090322016125e+00 9.80785280403231e+00
52 1.02571232897396e-15 3.82683432365083e+00 9.23879532511290e+00
53 9.23116707854445e-16 5.55570233019593e+00 8.31469612302552e+00
54 0.00000000000000e+00 0.00000000000000e+00 1.50000000000000e+01
55 0.00000000000000e+00 0.00000000000000e+00 2.00000000000000e+01
56 0.00000000000000e+00 0.00000000000000e+00 2.50000000000000e+01
57 0.00000000000000e+00 7.50000000000000e+00 3.00000000000000e+01
58 0.00000000000000e+00 1.50000000000000e+01 3.00000000000000e+01
59 0.00000000000000e+00 2.25000000000000e+01 3.00000000000000e+01
60 6.27585892682830e+00 4.60729741400522e+00 6.27585892682830e+00
61 6.71385983167698e+00 3.13817977834106e+00 6.71385983167698e+00
62 6.98119467387737e+00 1.58928973156325e+00 6.98119467387737e+00
63 5.55570233019602e+00 2.27373675443232e-15 8.31469612302545e+00
64 3.82683432365090e+00 2.27373675443232e-15 9.23879532511287e+00
65 1.95090322016128e+00 2.27373675443232e-15 9.80785280403230e+00
66 1.28033008588991e+01 -2.92229531687765e-08 1.28033008588991e+01
67 1.85355339059327e+01 -1.94819687791843e-08 1.85355339059327e+01
68 2.42677669529664e+01 -9.74098438959216e-09 2.42677669529664e+01
69 7.50000000000000e+00 0.00000000000000e+00 3.00000000000000e+01
70 1.50000000000000e+01 0.00000000000000e+00 3.00000000000000e+01
71 2.25000000000000e+01 0.00000000000000e+00 3.00000000000000e+01
72 3.00000000000000e+01 7.50000000000000e+00 3.00000000000000e+01
73 3.00000000000000e+01 1.50000000000000e+01 3.00000000000000e+01
74 3.00000000000000e+01 2.25000000000000e+01 3.00000000000000e+01
75 9.80785280403230e+00 1.95090322016132e+00 0.00000000000000e+00
76 9.23879532511284e+00 3.82683432365097e+00 0.00000000000000e+00
77 8.31469612302539e+00 5.55570233019612e+00 0.00000000000000e+00
78 9.80785280403230e+00 2.27373675443232e-15 1.95090322016128e+00
79 9.23879532511287e+00 2.27373675443232e-15 3.82683432365090e+00
80 8.31469612302545e+00 2.27373675443232e-15 5.55570233019602e+00
81 1.50000000000000e+01 0.00000000000000e+00 0.00000000000000e+00
82 2.00000000000000e+01 0.00000000000000e+00 0.00000000000000e+00
83 2.50000000000000e+01 0.00000000000000e+00 0.00000000000000e+00
84 3.00000000000000e+01 0.00000000000000e+00 7.50000000000000e+00
85 3.00000000000000e+01 0.00000000000000e+00 1.50000000000000e+01
86 3.00000000000000e+01 0.00000000000000e+00 2.25000000000000e+01
87 3.00000000000000e+01 7.50000000000000e+00 0.00000000000000e+00
88 3.00000000000000e+01 1.50000000000000e+01 0.00000000000000e+00
89 3.00000000000000e+01 2.25000000000000e+01 0.00000000000000e+00
90 0.00000000000000e+00 1.37360220922690e+01 9.79177674764709e+00
91 0.00000000000000e+00 1.44290964938346e+01 6.62012574273823e+00
92 0.00000000000000e+00 1.48558896030242e+01 3.33817741512099e+00
93 0.00000000000000e+00 1.91573480615127e+01 1.40278511650981e+01
94 0.00000000000000e+00 1.96193976625564e+01 9.41341716182549e+00
95 0.00000000000000e+00 1.99039264020162e+01 4.72545161008066e+00
96 0.00000000000000e+00 2.45786740307563e+01 1.82639255825490e+01
97 0.00000000000000e+00 2.48096988312782e+01 1.22067085809127e+01
98 0.00000000000000e+00 2.49519632010081e+01 6.11272580504033e+00
99 1.79682794015907e+01 2.41741160798666e+01 2.40048312909141e+01
100 1.34367564502990e+01 1.83214984608510e+01 1.80361153996077e+01
101 8.90552368418374e+00 1.24297868179993e+01 1.21060828044284e+01
102 1.19925358124439e+01 2.42812901701812e+01 2.40946846692595e+01
103 8.98534344258944e+00 1.85245705053069e+01 1.82269756195505e+01
104 5.97851935971693e+00 1.27161064380854e+01 1.24104601982414e+01
105 6.00043932817886e+00 2.43059646372432e+01 2.41897412404530e+01
106 4.50105149867313e+00 1.85867070553398e+01 1.84044337788058e+01
107 3.00190136885672e+00 1.28325639252952e+01 1.26536359401964e+01
108 2.25000000000000e+01 3.00000000000000e+01 7.50000000000000e+00
109 2.25000000000000e+01 3.00000000000000e+01 1.50000000000000e+01
110 2.25000000000000e+01 3.00000000000000e+01 2.25000000000000e+01
111 1.50000000000000e+01 3.00000000000000e+01 7.50000000000000e+00
112 1.50000000000000e+01 3.00000000000000e+01 1.50000000000000e+01
113 1.50000000000000e+01 3.00000000000000e+01 2.25000000000000e+01
114 7.50000000000000e+00 3.00000000000000e+01 7.50000000000000e+00
115 7.50000000000000e+00 3.00000000000000e+01 1.50000000000000e+01
116 7.50000000000000e+00 3.00000000000000e+01 2.25000000000000e+01
117 1.82639255825490e+01 2.45786740307564e+01 0.00000000000000e+00
118 1.22067085809127e+01 2.48096988312782e+01 0.00000000000000e+00
119 6.11272580504031e+00 2.49519632010081e+01 0.00000000000000e+00
120 1.40278511650980e+01 1.91573480615128e+01 0.00000000000000e+00
121 9.41341716182541e+00 1.96193976625565e+01 0.00000000000000e+00
122 4.72545161008062e+00 1.99039264020162e+01 0.00000000000000e+00
123 9.79177674764694e+00 1.37360220922691e+01 0.00000000000000e+00
124 6.62012574273812e+00 1.44290964938347e+01 0.00000000000000e+00
125 3.33817741512093e+00 1.48558896030242e+01 0.00000000000000e+00
126 1.89917244309340e+00 9.63256394023899e+00 1.89917244309256e+00
127 1.80261626327391e+00 9.09816099371988e+00 3.73818687865315e+00
128 1.66774628900301e+00 8.22496010044280e+00 5.43770665461467e+00
129 3.73818687865522e+00 9.09816099371903e+00 1.80261626327388e+00
130 3.55611711852281e+00 8.64338256001099e+00 3.55611711852225e+00
131 3.29468232915938e+00 7.88888359503764e+00 5.18754122623339e+00
132 5.43770665461799e+00 8.22496010044043e+00 1.66774628900389e+00
133 5.18754122623469e+00 7.88888359503624e+00 3.29468232916067e+00
134 4.82498494937671e+00 7.31020112422104e+00 4.82498494937815e+00
135 1.26536359079216e+01 1.28325638919695e+01 3.00190134538788e+00
136 1.24104601327814e+01 1.27161063717503e+01 5.97851931327932e+00
137 1.21060827050373e+01 1.24297867183686e+01 8.90552361565185e+00
138 1.84044337575534e+01 1.85867070337629e+01 4.50105148229238e+00
139 1.82269755761936e+01 1.85245704621459e+01 8.98534341053950e+00
140 1.80361153334503e+01 1.83214983953251e+01 1.34367564038037e+01
141 2.41897412299094e+01 2.43059646267319e+01 6.00043931969600e+00
142 2.40946846476673e+01 2.42812901490567e+01 1.19925357959796e+01
143 2.40048312578199e+01 2.41741160475014e+01 1.79682793780348e+01
144 0.00000000000000e+00 9.79177674764694e+00 1.37360220922691e+01
145 0.00000000000000e+00 1.40278511650980e+01 1.91573480615128e+01
146 0.00000000000000e+00 1.82639255825490e+01 2.45786740307564e+01
147 0.00000000000000e+00 6.62012574273812e+00 1.44290964938347e+01
148 0.00000000000000e+00 9.41341716182541e+00 1.96193976625565e+01
149 0.00000000000000e+00 1.22067085809127e+01 2.48096988312782e+01
150 0.00000000000000e+00 3.33817741512093e+00 1.48558896030242e+01
151 0.00000000000000e+00 4.72545161008062e+00 1.99039264020162e+01
152 0.00000000000000e+00 6.11272580504031e+00 2.49519632010081e+01
153 4.92220881529156e+00 5.06429567467540e+00 7.07988486475099e+00
154 3.39205718539483e+00 5.37596295392165e+00 7.71964833195615e+00
155 1.72975857460900e+00 5.53866495716206e+00 8.14439228953712e+00
156 5.30682166119067e+00 3.46676963823002e+00 7.73428420293462e+00
157 3.67773091807340e+00 3.69424111289172e+00 8.53386652661427e+00
158 1.88148449470382e+00 3.81421877121160e+00 9.05051110498883e+00
159 5.51918864594397e+00 1.76090054285644e+00 8.15093773554007e+00
160 3.82290745624023e+00 1.88067935753587e+00 9.04701186774735e+00
161 1.95511486860034e+00 1.94420835730729e+00 9.61236597898532e+00
162 9.79177674764702e+00 0.00000000000000e+00 1.37360220922691e+01
163 6.62012574273817e+00 0.00000000000000e+00 1.44290964938346e+01
164 3.33817741512096e+00 0.00000000000000e+00 1.48558896030242e+01
165 1.40278511650980e+01 0.00000000000000e+00 1.91573480615127e+01
166 9.41341716182545e+00 0.00000000000000e+00 1.96193976625564e+01
167 4.72545161008064e+00 0.00000000000000e+00 1.99039264020162e+01
168 1.82639255825490e+01 0.00000000000000e+00 2.45786740307564e+01
169 1.22067085809127e+01 0.00000000000000e+00 2.48096988312782e+01
170 6.11272580504032e+00 0.00000000000000e+00 2.49519632010081e+01
171 7.50000000000000e+00 2.25000000000000e+01 3.00000000000000e+01
172 1.50000000000000e+01 2.25000000000000e+01 3.00000000000000e+01
173 2.25000000000000e+01 2.25000000000000e+01 3.00000000000000e+01
174 7.50000000000000e+00 1.50000000000000e+01 3.00000000000000e+01
175 1.50000000000000e+01 1.50000000000000e+01 3.00000000000000e+01
176 2.25000000000000e+01 1.50000000000000e+01 3.00000000000000e+01
177 7.50000000000000e+00 7.50000000000000e+00 3.00000000000000e+01
178 1.50000000000000e+01 7.50000000000000e+00 3.00000000000000e+01
179 2.25000000000000e+01 7.50000000000000e+00 3.00000000000000e+01
180 1.27358960054080e+01 3.06696727675522e+00 1.27358960054080e+01
181 1.84905973369387e+01 4.54464485117015e+00 1.84905973369387e+01
182 2.42452986684693e+01 6.02232242558507e+00 2.42452986684693e+01
183 1.25353948737577e+01 6.10363481914431e+00 1.25353948737577e+01
184 1.83569299158385e+01 9.06908987942954e+00 1.83569299158385e+01
185 2.41784649579192e+01 1.20345449397148e+01 2.41784649579192e+01
186 1.22068941951212e+01 9.08047305319817e+00 1.22068941951212e+01
187 1.81379294634141e+01 1.35536487021321e+01 1.81379294634141e+01
188 2.40689647317071e+01 1.80268243510661e+01 2.40689647317071e+01
189 8.14439228953932e+00 5.53866495715881e+00 1.72975857460903e+00
190 7.71964833195696e+00 5.37596295392050e+00 3.39205718539481e+00
191 7.07988486474973e+00 5.06429567467694e+00 4.92220881529178e+00
192 9.05051110498987e+00 3.81421877120920e+00 1.88148449470371e+00
193 8.53386652661468e+00 3.69424111289087e+00 3.67773091807330e+00
194 7.73428420293391e+00 3.46676963823113e+00 5.30682166119098e+00
195 9.61236597898560e+00 1.94420835730601e+00 1.95511486860022e+00
196 9.04701186774748e+00 1.88067935753542e+00 3.82290745624014e+00
197 8.15093773553979e+00 1.76090054285703e+00 5.51918864594419e+00
198 1.37360220922691e+01 0.00000000000000e+00 9.79177674764702e+00
199 1.91573480615127e+01 0.00000000000000e+00 1.40278511650980e+01
200 2.45786740307564e+01 0.00000000000000e+00 1.82639255825490e+01
201 1.44290964938346e+01 0.00000000000000e+00 6.62012574273817e+00
202 1.96193976625564e+01 0.00000000000000e+00 9.41341716182545e+00
203 2.48096988312782e+01 0.00000000000000e+00 1.22067085809127e+01
204 1.48558896030242e+01 0.00000000000000e+00 3.33817741512096e+00
205 1.99039264020162e+01 0.00000000000000e+00 4.72545161008064e+00
206 2.49519632010081e+01 0.00000000000000e+00 6.11272580504032e+00
207 3.00000000000000e+01 7.50000000000000e+00 2.25000000000000e+01
208 3.00000000000000e+01 1.50000000000000e+01 2.25000000000000e+01
209 3.00000000000000e+01 2.25000000000000e+01 2.25000000000000e+01
210 3.00000000000000e+01 7.50000000000000e+00 1.50000000000000e+01
211 3.00000000000000e+01 1.50000000000000e+01 1.50000000000000e+01
212 3.00000000000000e+01 2.25000000000000e+01 1.50000000000000e+01
213 3.00000000000000e+01 7.50000000000000e+00 7.50000000000000e+00
214 3.00000000000000e+01 1.50000000000000e+01 7.50000000000000e+00
215 3.00000000000000e+01 2.25000000000000e+01 7.50000000000000e+00
216 2.49519632010081e+01 6.11272580504033e+00 0.00000000000000e+00
217 2.48096988312782e+01 1.22067085809127e+01 0.00000000000000e+00
218 2.45786740307563e+01 1.82639255825490e+01 0.00000000000000e+00
219 1.99039264020161e+01 4.72545161008066e+00 0.00000000000000e+00
220 1.96193976625564e+01 9.41341716182549e+00 0.00000000000000e+00
221 1.91573480615127e+01 1.40278511650981e+01 0.00000000000000e+00
222 1.48558896030242e+01 3.33817741512099e+00 0.00000000000000e+00
223 1.44290964938346e+01 6.62012574273823e+00 0.00000000000000e+00
224 1.37360220922690e+01 9.79177674764709e+00 0.00000000000000e+00
225 6.02976304832150e+00 2.46006454235930e+01 1.82023614089817e+01
226 1.20494111703614e+01 2.45450750703990e+01 1.81235255499986e+01
227 1.80451373639240e+01 2.43999774567337e+01 1.80451373711026e+01
228 6.05943403453470e+00 2.48123568636785e+01 1.21630930866953e+01
229 1.21066496482940e+01 2.47258253494248e+01 1.21066496508742e+01
230 1.81235255455680e+01 2.45450750707510e+01 1.20494111745867e+01
231 6.08904928365873e+00 2.49297165349382e+01 6.08904928417717e+00
232 1.21630930855330e+01 2.48123568637019e+01 6.05943403569932e+00
233 1.82023614069589e+01 2.46006454238055e+01 6.02976305024705e+00
234 4.56623285288095e+00 1.91757864665255e+01 1.39234262732934e+01
235 9.11219089031295e+00 1.90484197337702e+01 1.37752723691033e+01
236 1.36102072318912e+01 1.87599649665543e+01 1.36102072467341e+01
237 4.62830504212177e+00 1.96027167962820e+01 9.33866438555541e+00
238 9.23214853269872e+00 1.94138202990667e+01 9.23214853841679e+00
239 1.37752723597836e+01 1.90484197342152e+01 9.11219089946478e+00
240 4.68434153869005e+00 1.98468983580839e+01 4.68434153992205e+00
241 9.33866438291512e+00 1.96027167962770e+01 4.62830504480422e+00
242 1.39234262689653e+01 1.91757864667468e+01 4.56623285719672e+00
243 3.11259418348997e+00 1.37148567475324e+01 9.67053610050621e+00
244 6.19466320150298e+00 1.34932157838726e+01 9.46567715828101e+00
245 9.20457526764932e+00 1.30611746070363e+01 9.20457529096521e+00
246 3.21016297209037e+00 1.43625289767006e+01 6.53168117101844e+00
247 6.38355494692802e+00 1.40498165712298e+01 6.38355495656183e+00
248 9.46567714339183e+00 1.34932157840543e+01 6.19466321660542e+00
249 3.28837706415935e+00 1.47465241424171e+01 3.28837706639114e+00
250 6.53168116643826e+00 1.43625289766146e+01 3.21016297678986e+00
251 9.67053609342492e+00 1.37148567475086e+01 3.11259419087488e+00
252 3.34126513116209e+00 3.34421690563405e+00 1.46983331911814e+01
253 6.61705733717933e+00 3.30235863897028e+00 1.42685865951401e+01
254 9.76429044133022e+00 3.20882040778311e+00 1.36001923443938e+01
255 4.72745586191771e+00 4.73742191743114e+00 1.97910303392463e+01
256 9.41128735688593e+00 4.71339787491319e+00 1.95006914753591e+01
257 1.40094620464651e+01 4.64797571267274e+00 1.90581248935770e+01
258 6.11370647106882e+00 6.12184320802235e+00 2.48924165806433e+01
259 1.22056099694518e+01 6.11142244758422e+00 2.47456724488908e+01
260 1.82547064980331e+01 6.07731032743688e+00 2.45257749129658e+01
261 3.28597161187999e+00 6.63273699715851e+00 1.42660485402690e+01
262 6.50805214875279e+00 6.55431261410998e+00 1.38671210451007e+01
263 9.60491453199057e+00 6.37632122382336e+00 1.32747368116837e+01
264 4.69053937040409e+00 9.43770116219939e+00 1.94949934539331e+01
265 9.33853317172866e+00 9.39317872187425e+00 1.92213620051483e+01
266 1.39031466140528e+01 9.26839736883609e+00 1.88324921406775e+01
267 6.09522671982469e+00 1.22251233128286e+01 2.47412914169713e+01
268 1.21691991340167e+01 1.22060475256423e+01 2.46013234470670e+01
269 1.82015242211357e+01 1.21408513596297e+01 2.44096633665468e+01
270 3.17210710550184e+00 9.81198771870015e+00 1.35756611768530e+01
271 6.29367506282196e+00 9.70725436241930e+00 1.32399817914570e+01
272 9.31635489550240e+00 9.46247306828628e+00 1.27710626378704e+01
273 4.61457572133582e+00 1.40651117573603e+01 1.90269102622822e+01
274 9.19553115531813e+00 1.40069241598978e+01 1.87916102676867e+01
275 1.37107087336184e+01 1.38345713916236e+01 1.84880617286228e+01
276 6.05722326721849e+00 1.82919855201817e+01 2.45041268272675e+01
277 1.20976641312260e+01 1.82676770770190e+01 2.43817412738950e+01
278 1.81052805566427e+01 1.81772839740458e+01 2.42341377163214e+01
279 1.36001923193464e+01 3.20882038266416e+00 9.76429042407964e+00
280 1.42685865786361e+01 3.30235862223056e+00 6.61705732548411e+00
281 1.46983331830343e+01 3.34421689721440e+00 3.34126512523985e+00
282 1.90581248769597e+01 4.64797569620711e+00 1.40094620348000e+01
283 1.95006914644668e+01 4.71339786406063e+00 9.41128734884249e+00
284 1.97910303339021e+01 4.73742191200080e+00 4.72745585779967e+00
285 2.45257749046788e+01 6.07731031932918e+00 1.82547064921414e+01
286 2.47456724434853e+01 6.11142244229141e+00 1.22056099653342e+01
287 2.48924165780025e+01 6.12184320538744e+00 6.11370646894461e+00
288 1.32747367616861e+01 6.37632117368235e+00 9.60491449757212e+00
289 1.38671210121710e+01 6.55431258070656e+00 6.50805212542894e+00
290 1.42660485240169e+01 6.63273698036030e+00 3.28597160006825e+00
291 1.88324921074851e+01 9.26839733594677e+00 1.39031465907631e+01
292 1.92213619833994e+01 9.39317870020315e+00 9.33853315567573e+00
293 1.94949934432641e+01 9.43770115135701e+00 4.69053936218427e+00
294 2.44096633499835e+01 1.21408513434249e+01 1.82015242093654e+01
295 2.46013234362661e+01 1.22060475150658e+01 1.21691991257929e+01
296 2.47412914116949e+01 1.22251233075635e+01 6.09522671558117e+00
297 1.27710625630709e+01 9.46247299328893e+00 9.31635484399272e+00
298 1.32399817421984e+01 9.70725431247323e+00 6.29367502792248e+00
299 1.35756611525523e+01 9.81198769359242e+00 3.17210708783948e+00
300 1.84880616789106e+01 1.38345713423758e+01 1.37107086987253e+01
301 1.87916102351148e+01 1.40069241274556e+01 9.19553113126996e+00
302 1.90269102463093e+01 1.40651117411338e+01 4.61457570902909e+00
303 2.42341376914890e+01 1.81772839497560e+01 1.81052805389899e+01
304 2.43817412577001e+01 1.82676770611670e+01 1.20976641188918e+01
305 2.45041268193576e+01 1.82919855122916e+01 6.05722326085676e+00
1 102 1 15 
2 102 15 16 
3 102 16 17 
4 102 17 2 
5 102 3 18 
6 102 18 19 
7 102 19 20 
8 102 20 2 
9 102 4 21 
10 102 21 22 
11 102 22 23 
12 102 23 3 
13 102 1 24 
14 102 24 25 
15 102 25 26 
16 102 26 4 
17 102 2 27 
18 102 27 28 
19 102 28 29 
20 102 29 5 
21 102 1 30 
22 102 30 31 
23 102 31 32 
24 102 32 6 
25 102 6 33 
26 102 33 34 
27 102 34 35 
28 102 35 5 
29 102 3 36 
30 102 36 37 
31 102 37 38 
32 102 38 7 
33 102 7 39 
34 102 39 40 
35 102 40 41 
36 102 41 5 
37 102 8 42 
38 102 42 43 
39 102 43 44 
40 102 44 7 
41 102 8 45 
42 102 45 46 
43 102 46 47 
44 102 47 4 
45 102 8 48 
46 102 48 49 
47 102 49 50 
48 102 50 6 
49 102 9 51 
50 102 51 52 
51 102 52 53 
52 102 53 1 
53 102 9 54 
54 102 54 55 
55 102 55 56 
56 102 56 10 
57 102 10 57 
58 102 57 58 
59 102 58 59 
60 102 59 2 
61 102 6 60 
62 102 60 61 
63 102 61 62 
64 102 62 11 
65 102 11 63 
66 102 63 64 
67 102 64 65 
68 102 65 9 
69 102 11 66 
70 102 66 67 
71 102 67 68 
72 102 68 12 
73 102 10 69 
74 102 69 70 
75 102 70 71 
76 102 71 12 
77 102 12 72 
78 102 72 73 
79 102 73 74 
80 102 74 5 
81 102 13 75 
82 102 75 76 
83 102 76 77 
84 102 77 8 
85 102 13 78 
86 102 78 79 
87 102 79 80 
88 102 80 11 
89 102 13 81 
90 102 81 82 
91 102 82 83 
92 102 83 14 
93 102 14 84 
94 102 84 85 
95 102 85 86 
96 102 86 12 
97 102 14 87 
98 102 87 88 
99 102 88 89 
100 102 89 7 
101 204 1 15 90 24 
102 204 24 90 91 25 
103 204 25 91 92 26 
104 204 26 92 21 4 
105 204 15 16 93 90 
106 204 90 93 94 91 
107 204 91 94 95 92 
108 204 92 95 22 21 
109 204 16 17 96 93 
110 204 93 96 97 94 
111 204 94 97 98 95 
112 204 95 98 23 22 
113 204 17 2 20 96 
114 204 96 20 19 97 
115 204 97 19 18 98 
116 204 98 18 3 23 
117 204 5 29 99 35 
118 204 35 99 100 34 
119 204 34 100 101 33 
120 204 33 101 32 6 
121 204 29 28 102 99 
122 204 99 102 103 100 
123 204 100 103 104 101 
124 204 101 104 31 32 
125 204 28 27 105 102 
126 204 102 105 106 103 
127 204 103 106 107 104 
128 204 104 107 30 31 
129 204 27 2 17 105 
130 204 105 17 16 106 
131 204 106 16 15 107 
132 204 107 15 1 30 
133 204 7 38 108 39 
134 204 39 108 109 40 
135 204 40 109 110 41 
136 204 41 110 29 5 
137 204 38 37 111 108 
138 204 108 111 112 109 
139 204 109 112 113 110 
140 204 110 113 28 29 
141 204 37 36 114 111 
142 204 111 114 115 112 
143 204 112 115 116 113 
144 204 113 116 27 28 
145 204 36 3 18 114 
146 204 114 18 19 115 
147 204 115 19 20 116 
148 204 116 20 2 27 
149 204 7 44 117 38 
150 204 38 117 118 37 
151 204 37 118 119 36 
152 204 36 119 23 3 
153 204 44 43 120 117 
154 204 117 120 121 118 
155 204 118 121 122 119 
156 204 119 122 22 23 
157 204 43 42 123 120 
158 204 120 123 124 121 
159 204 121 124 125 122 
160 204 122 125 21 22 
161 204 42 8 45 123 
162 204 123 45 46 124 
163 204 124 46 47 125 
164 204 125 47 4 21 
165 204 4 47 126 26 
166 204 26 126 127 25 
167 204 25 127 128 24 
168 204 24 128 30 1 
169 204 47 46 129 126 
170 204 126 129 130 127 
171 204 127 130 131 128 
172 204 128 131 31 30 
173 204 46 45 132 129 
174 204 129 132 133 130 
175 204 130 133 134 131 
176 204 131 134 32 31 
177 204 45 8 48 132 
178 204 132 48 49 133 
179 204 133 49 50 134 
180 204 134 50 6 32 
181 204 8 42 135 48 
182 204 48 135 136 49 
183 204 49 136 137 50 
184 204 50 137 33 6 
185 204 42 43 138 135 
186 204 135 138 139 136 
187 204 136 139 140 137 
188 204 137 140 34 33 
189 204 43 44 141 138 
190 204 138 141 142 139 
191 204 139 142 143 140 
192 204 140 143 35 34 
193 204 44 7 39 141 
194 204 141 39 40 142 
195 204 142 40 41 143 
196 204 143 41 5 35 
197 204 1 53 144 15 
198 204 15 144 145 16 
199 204 16 145 146 17 
200 204 17 146 59 2 
201 204 53 52 147 144 
202 204 144 147 148 145 
203 204 145 148 149 146 
204 204 146 149 58 59 
205 204 52 51 150 147 
206 204 147 150 151 148 
207 204 148 151 152 149 
208 204 149 152 57 58 
209 204 51 9 54 150 
210 204 150 54 55 151 
211 204 151 55 56 152 
212 204 152 56 10 57 
213 204 6 60 153 32 
214 204 32 153 154 31 
215 204 31 154 155 30 
216 204 30 155 53 1 
217 204 60 61 156 153 
218 204 153 156 157 154 
219 204 154 157 158 155 
220 204 155 158 52 53 
221 204 61 62 159 156 
222 204 156 159 160 157 
223 204 157 160 161 158 
224 204 158 161 51 52 
225 204 62 11 63 159 
226 204 159 63 64 160 
227 204 160 64 65 161 
228 204 161 65 9 51 
229 204 11 66 162 63 
230 204 63 162 163 64 
231 204 64 163 164 65 
232 204 65 164 54 9 
233 204 66 67 165 162 
234 204 162 165 166 163 
235 204 163 166 167 164 
236 204 164 167 55 54 
237 204 67 68 168 165 
238 204 165 168 169 166 
239 204 166 169 170 167 
240 204 167 170 56 55 
241 204 68 12 71 168 
242 204 168 71 70 169 
243 204 169 70 69 170 
244 204 170 69 10 56 
245 204 2 59 171 27 
246 204 27 171 172 28 
247 204 28 172 173 29 
248 204 29 173 74 5 
249 204 59 58 174 171 
250 204 171 174 175 172 
251 204 172 175 176 173 
252 204 173 176 73 74 
253 204 58 57 177 174 
254 204 174 177 178 175 
255 204 175 178 179 176 
256 204 176 179 72 73 
257 204 57 10 69 177 
258 204 177 69 70 178 
259 204 178 70 71 179 
260 204 179 71 12 72 
261 204 11 62 180 66 
262 204 66 180 181 67 
263 204 67 181 182 68 
264 204 68 182 72 12 
265 204 62 61 183 180 
266 204 180 183 184 181 
267 204 181 184 185 182 
268 204 182 185 73 72 
269 204 61 60 186 183 
270 204 183 186 187 184 
271 204 184 187 188 185 
272 204 185 188 74 73 
273 204 60 6 33 186 
274 204 186 33 34 187 
275 204 187 34 35 188 
276 204 188 35 5 74 
277 204 8 77 189 48 
278 204 48 189 190 49 
279 204 49 190 191 50 
280 204 50 191 60 6 
281 204 77 76 192 189 
282 204 189 192 193 190 
283 204 190 193 194 191 
284 204 191 194 61 60 
285 204 76 75 195 192 
286 204 192 195 196 193 
287 204 193 196 197 194 
288 204 194 197 62 61 
289 204 75 13 78 195 
290 204 195 78 79 196 
291 204 196 79 80 197 
292 204 197 80 11 62 
293 204 11 80 198 66 
294 204 66 198 199 67 
295 204 67 199 200 68 
296 204 68 200 86 12 
297 204 80 79 201 198 
298 204 198 201 202 199 
299 204 199 202 203 200 
300 204 200 203 85 86 
301 204 79 78 204 201 
302 204 201 204 205 202 
303 204 202 205 206 203 
304 204 203 206 84 85 
305 204 78 13 81 204 
306 204 204 81 82 205 
307 204 205 82 83 206 
308 204 206 83 14 84 
309 204 12 86 207 72 
310 204 72 207 208 73 
311 204 73 208 209 74 
312 204 74 209 41 5 
313 204 86 85 210 207 
314 204 207 210 211 208 
315 204 208 211 212 209 
316 204 209 212 40 41 
317 204 85 84 213 210 
318 204 210 213 214 211 
319 204 211 214 215 212 
320 204 212 215 39 40 
321 204 84 14 87 213 
322 204 213 87 88 214 
323 204 214 88 89 215 
324 204 215 89 7 39 
325 204 14 83 216 87 
326 204 87 216 217 88 
327 204 88 217 218 89 
328 204 89 218 44 7 
329 204 83 82 219 216 
330 204 216 219 220 217 
331 204 217 220 221 218 
332 204 218 221 43 44 
333 204 82 81 222 219 
334 204 219 222 223 220 
335 204 220 223 224 221 
336 204 221 224 42 43 
337 204 81 13 75 222 
338 204 222 75 76 223 
339 204 223 76 77 224 
340 204 224 77 8 42 
341 308 2 20 96 17 27 116 225 105 
342 308 27 116 225 105 28 113 226 102 
343 308 28 113 226 102 29 110 227 99 
344 308 29 110 227 99 5 41 143 35 
345 308 20 19 97 96 116 115 228 225 
346 308 116 115 228 225 113 112 229 226 
347 308 113 112 229 226 110 109 230 227 
348 308 110 109 230 227 41 40 142 143 
349 308 19 18 98 97 115 114 231 228 
350 308 115 114 231 228 112 111 232 229 
351 308 112 111 232 229 109 108 233 230 
352 308 109 108 233 230 40 39 141 142 
353 308 18 3 23 98 114 36 119 231 
354 308 114 36 119 231 111 37 118 232 
355 308 111 37 118 232 108 38 117 233 
356 308 108 38 117 233 39 7 44 141 
357 308 17 96 93 16 105 225 234 106 
358 308 105 225 234 106 102 226 235 103 
359 308 102 226 235 103 99 227 236 100 
360 308 99 227 236 100 35 143 140 34 
361 308 96 97 94 93 225 228 237 234 
362 308 225 228 237 234 226 229 238 235 
363 308 226 229 238 235 227 230 239 236 
364 308 227 230 239 236 143 142 139 140 
365 308 97 98 95 94 228 231 240 237 
366 308 228 231 240 237 229 232 241 238 
367 308 229 232 241 238 230 233 242 239 
368 308 230 233 242 239 142 141 138 139 
369 308 98 23 22 95 231 119 122 240 
370 308 231 119 122 240 232 118 121 241 
371 308 232 118 121 241 233 117 120 242 
372 308 233 117 120 242 141 44 43 138 
373 308 16 93 90 15 106 234 243 107 
374 308 106 234 243 107 103 235 244 104 
375 308 103 235 244 104 100 236 245 101 
376 308 100 236 245 101 34 140 137 33 
377 308 93 94 91 90 234 237 246 243 
378 308 234 237 246 243 235 238 247 244 
379 308 235 238 247 244 236 239 248 245 
380 308 236 239 248 245 140 139 136 137 
381 308 94 95 92 91 237 240 249 246 
382 308 237 240 249 246 238 241 250 247 
383 308 238 241 250 247 239 242 251 248 
384 308 239 242 251 248 139 138 135 136 
385 308 95 22 21 92 240 122 125 249 
386 308 240 122 125 249 241 121 124 250 
387 308 241 121 124 250 242 120 123 251 
388 308 242 120 123 251 138 43 42 135 
389 308 15 90 24 1 107 243 128 30 
390 308 107 243 128 30 104 244 131 31 
391 308 104 244 131 31 101 245 134 32 
392 308 101 245 134 32 33 137 50 6 
393 308 90 91 25 24 243 246 127 128 
394 308 243 246 127 128 244 247 130 131 
395 308 244 247 130 131 245 248 133 134 
396 308 245 248 133 134 137 136 49 50 
397 308 91 92 26 25 246 249 126 127 
398 308 246 249 126 127 247 250 129 130 
399 308 247 250 129 130 248 251 132 133 
400 308 248 251 132 133 136 135 48 49 
401 308 92 21 4 26 249 125 47 126 
402 308 249 125 47 126 250 124 46 129 
403 308 250 124 46 129 251 123 45 132 
404 308 251 123 45 132 135 42 8 48 
405 308 9 54 150 51 65 164 252 161 
406 308 65 164 252 161 64 163 253 160 
407 308 64 163 253 160 63 162 254 159 
408 308 63 162 254 159 11 66 180 62 
409 308 54 55 151 150 164 167 255 252 
410 308 164 167 255 252 163 166 256 253 
411 308 163 166 256 253 162 165 257 254 
412 308 162 165 257 254 66 67 181 180 
413 308 55 56 152 151 167 170 258 255 
414 308 167 170 258 255 166 169 259 256 
415 308 166 169 259 256 165 168 260 257 
416 308 165 168 260 257 67 68 182 181 
417 308 56 10 57 152 170 69 177 258 
418 308 170 69 177 258 169 70 178 259 
419 308 169 70 178 259 168 71 179 260 
420 308 168 71 179 260 68 12 72 182 
421 308 51 150 147 52 161 252 261 158 
422 308 161 252 261 158 160 253 262 157 
423 308 160 253 262 157 159 254 263 156 
424 308 159 254 263 156 62 180 183 61 
425 308 150 151 148 147 252 255 264 261 
426 308 252 255 264 261 253 256 265 262 
427 308 253 256 265 262 254 257 266 263 
428 308 254 257 266 263 180 181 184 183 
429 308 151 152 149 148 255 258 267 264 
430 308 255 258 267 264 256 259 268 265 
431 308 256 259 268 265 257 260 269 266 
432 308 257 260 269 266 181 182 185 184 
433 308 152 57 58 149 258 177 174 267 
434 308 258 177 174 267 259 178 175 268 
435 308 259 178 175 268 260 179 176 269 
436 308 260 179 176 269 182 72 73 185 
437 308 52 147 144 53 158 261 270 155 
438 308 158 261 270 155 157 262 271 154 
439 308 157 262 271 154 156 263 272 153 
440 308 156 263 272 153 61 183 186 60 
441 308 147 148 145 144 261 264 273 270 
442 308 261 264 273 270 262 265 274 271 
443 308 262 265 274 271 263 266 275 272 
444 308 263 266 275 272 183 184 187 186 
445 308 148 149 146 145 264 267 276 273 
446 308 264 267 276 273 265 268 277 274 
447 308 265 268 277 274 266 269 278 275 
448 308 266 269 278 275 184 185 188 187 
449 308 149 58 59 146 267 174 171 276 
450 308 267 174 171 276 268 175 172 277 
451 308 268 175 172 277 269 176 173 278 
452 308 269 176 173 278 185 73 74 188 
453 308 53 144 15 1 155 270 107 30 
454 308 155 270 107 30 154 271 104 31 
455 308 154 271 104 31 153 272 101 32 
456 308 153 272 101 32 60 186 33 6 
457 308 144 145 16 15 270 273 106 107 
458 308 270 273 106 107 271 274 103 104 
459 308 271 274 103 104 272 275 100 101 
460 308 272 275 100 101 186 187 34 33 
461 308 145 146 17 16 273 276 105 106 
462 308 273 276 105 106 274 277 102 103 
463 308 274 277 102 103 275 278 99 100 
464 308 275 278 99 100 187 188 35 34 
465 308 146 59 2 17 276 171 27 105 
466 308 276 171 27 105 277 172 28 102 
467 308 277 172 28 102 278 173 29 99 
468 308 278 173 29 99 188 74 5 35 
469 308 11 66 180 62 80 198 279 197 
470 308 80 198 279 197 79 201 280 196 
471 308 79 201 280 196 78 204 281 195 
472 308 78 204 281 195 13 81 222 75 
473 308 66 67 181 180 198 199 282 279 
474 308 198 199 282 279 201 202 283 280 
475 308 201 202 283 280 204 205 284 281 
476 308 204 205 284 281 81 82 219 222 
477 308 67 68 182 181 199 200 285 282 
478 308 199 200 285 282 202 203 286 283 
479 308 202 203 286 283 205 206 287 284 
480 308 205 206 287 284 82 83 216 219 
481 308 68 12 72 182 200 86 207 285 
482 308 200 86 207 285 203 85 210 286 
483 308 203 85 210 286 206 84 213 287 
484 308 206 84 213 287 83 14 87 216 
485 308 62 180 183 61 197 279 288 194 
486 308 197 279 288 194 196 280 289 193 
487 308 196 280 289 193 195 281 290 192 
488 308 195 281 290 192 75 222 223 76 
489 308 180 181 184 183 279 282 291 288 
490 308 279 282 291 288 280 283 292 289 
491 308 280 283 292 289 281 284 293 290 
492 308 281 284 293 290 222 219 220 223 
493 308 181 182 185 184 282 285 294 291 
494 308 282 285 294 291 283 286 295 292 
495 308 283 286 295 292 284 287 296 293 
496 308 284 287 296 293 219 216 217 220 
497 308 182 72 73 185 285 207 208 294 
498 308 285 207 208 294 286 210 211 295 
499 308 286 210 211 295 287 213 214 296 
500 308 287 213 214 296 216 87 88 217 
501 308 61 183 186 60 194 288 297 191 
502 308 194 288 297 191 193 289 298 190 
503 308 193 289 298 190 192 290 299 189 
504 308 192 290 299 189 76 223 224 77 
505 308 183 184 187 186 288 291 300 297 
506 308 288 291 300 297 289 292 301 298 
507 308 289 292 301 298 290 293 302 299 
508 308 290 293 302 299 223 220 221 224 
509 308 184 185 188 187 291 294 303 300 
510 308 291 294 303 300 292 295 304 301 
511 308 292 295 304 301 293 296 305 302 
512 308 293 296 305 302 220 217 218 221 
513 308 185 73 74 188 294 208 209 303 
514 308 294 208 209 303 295 211 212 304 
515 308 295 211 212 304 296 214 215 305 
516 308 296 214 215 305 217 88 89 218 
517 308 60 186 33 6 191 297 137 50 
518 308 191 297 137 50 190 298 136 49 
519 308 190 298 136 49 189 299 135 48 
520 308 189 299 135 48 77 224 42 8 
521 308 186 187 34 33 297 300 140 137 
522 308 297 300 140 137 298 301 139 136 
523 308 298 301 139 136 299 302 138 135 
524 308 299 302 138 135 224 221 43 42 
525 308 187 188 35 34 300 303 143 140 
526 308 300 303 143 140 301 304 142 139 
527 308 301 304 142 139 302 305 141 138 
528 308 302 305 141 138 221 218 44 43 
529 308 188 74 5 35 303 209 41 143 
530 308 303 209 41 143 304 212 40 142 
531 308 304 212 40 142 305 215 39 141 
532 308 305 215 39 141 218 89 7 44 
